0
2398.95250917519 0.0 1022.838 
0.0 2398.95250917519 767.0612 
0.0 0.0 1.0 
0 0
0.166605640169249 -0.293385695586161 0.9413646446989706 11.909454043496599 
-0.27117043600715557 -0.9315278019459141 -0.24232735882995768 -5.446204352747883 
0.9480027190359128 -0.21489715639635254 -0.23475531276901432 26.467684858689605 

1
2418.46884683428 0.0 1036.4757 
0.0 2418.46884683428 762.90744 
0.0 0.0 1.0 
0 0
0.11625639282071201 0.19002593042350036 -0.9748715796939615 -13.699860315783948 
0.022525689371237143 -0.9817790714848064 -0.18868611001550173 -2.474198516323067 
-0.9929637679425504 -2.3687855259207238e-05 -0.1184185584788912 25.431383471774243 

2
2404.8628440717 0.0 1022.42111 
0.0 2404.8628440717 774.58679 
0.0 0.0 1.0 
0 0
0.8345846593841691 0.049668914036733444 -0.5486359861502169 -8.614951133534133 
-0.005165605164969915 -0.9951776379569582 -0.09795297562447698 -1.77651919492546 
-0.5508554827210936 0.08458408768096592 -0.8303034200021636 19.380850499269233 

3
2418.98884925097 0.0 1023.98034 
0.0 2418.98884925097 774.29853 
0.0 0.0 1.0 
0 0
0.8433363166637616 -0.11168498710159291 0.5256522811251901 6.498464239351408 
-0.0623025480207155 -0.9918890694603475 -0.110790190879934 -3.3095316017484615 
0.5337623530243822 0.06068391501215786 -0.8434543336498258 21.50535934865188 

4
2418.36776172459 0.0 1034.79508 
0.0 2418.36776172459 766.41563 
0.0 0.0 1.0 
0 0
-0.7102084639080114 0.13673389372553238 -0.6905850998248353 -9.70675844846761 
0.0329757095646321 -0.9734186163315597 -0.2266468617869237 -3.9977853072052567 
-0.7032187002434819 -0.18373905324074874 0.6868212430771649 40.02720817109032 

5
2390.21408950408 0.0 1024.318747 
0.0 2390.21408950408 772.82566 
0.0 0.0 1.0 
0 0
-0.8720753788586445 -0.07631500400889554 0.4833844781865401 5.896196103261941 
-0.03625587837246755 -0.9749757270196461 -0.2193350017802762 -3.497412012631528 
0.48802668459008713 -0.20880218362276573 0.8474854590152994 42.31393611674388 

